$ 1 0.000005 0.8031194996067259 50 5 43 5e-11
I 320 160 368 160 0 0.5 5
150 384 192 496 192 0 2 0 5
152 256 272 368 272 0 2 5 5
w 384 208 368 272 0
w 256 288 256 320 0
w 256 320 496 320 0
w 496 192 496 320 0
r 496 192 576 192 0 1000
162 576 192 672 192 2 default-led 1 0 0 0.01
g 672 192 672 240 0 0
a 176 160 256 160 9 15 -15 1000000 3.333333333333333 0 100000
a 176 256 256 256 9 15 -15 1000000 0 1.6666666666666665 100000
r 128 48 128 176 0 5000
r 128 176 128 240 0 5000
r 128 240 128 352 0 5000
g 128 352 128 384 0 0
R 128 48 128 32 0 0 40 5 0 0 0.5
w 176 176 128 176 0
w 128 240 176 240 0
w 176 144 96 144 0
g 96 144 96 176 0 0
w 176 272 96 272 0
w 704 48 704 64 0
I 704 48 528 48 0 0.5 5
r 704 64 704 352 0 1000
w 368 160 384 176 0
152 256 144 320 144 0 2 5 5
w 320 144 320 160 0
w 256 128 240 128 0
w 240 128 240 64 0
w 528 48 240 48 0
w 240 48 240 64 0
g 96 272 96 304 0 0
w 704 352 496 352 0
s 368 352 496 352 0 1 false
R 368 352 368 384 0 0 40 5 0 0 0.5
o 8 1 0 4099 2.5 0.00625 0 2 8 3
