$ 1 0.000005 337.78679316735355 56 5 43 5e-11
165 0 0 64 0 6 0
165 0 288 32 288 14 0
g 96 160 96 176 0 0
g 96 448 96 464 0 0
R 128 32 144 32 0 0 40 5 0 0 0.5
w 0 32 -64 32 0
r -144 32 -144 128 0 100000
w 0 128 -64 128 0
R 64 -32 64 -48 0 0 40 5 0 0 0.5
r 144 64 224 64 0 1000
g 224 64 224 112 0 0
w 0 96 -16 96 0
c -80 128 -80 176 4 0.000002 2.961804505898633 0.001 0
g -80 176 -80 192 0 0
w -64 32 -144 32 0
w -80 128 -144 128 0
w -80 96 -80 128 0
w -64 128 -80 128 0
w 64 -32 -144 -32 0
r -144 -32 -144 32 0 1000
w -16 96 -80 96 0
g 0 416 0 448 0 0
w -128 432 -176 432 0
r -176 432 -176 368 0 1000
w -176 368 -176 240 0
w -176 240 -176 224 0
w -176 224 128 224 0
w 128 224 128 320 0
R 64 256 64 240 0 0 40 5 0 0 0.5
w 0 384 -32 384 0
g -32 384 -32 448 0 0
R -96 432 -96 464 0 0 40 5 0 0 0.5
s -128 432 -96 432 0 1 false
r 144 352 224 352 0 1000
g 224 352 224 384 0 0
150 384 160 528 160 0 2 0 5
150 384 224 528 224 0 2 0 5
I 304 208 384 208 0 0.5 5
s 224 192 288 192 0 1 false
w 304 176 288 192 0
w 288 192 304 208 0
w 304 176 384 176 0
w 384 144 144 144 0
w 144 64 144 144 0
w 384 240 144 240 0
w 144 240 144 352 0
w 144 352 128 352 0
w 144 64 128 64 0
152 560 192 688 192 0 2 0 5
w 528 160 560 176 0
w 560 208 528 224 0
150 688 208 800 208 0 2 0 5
w 688 224 656 224 0
w 656 224 656 304 0
w 656 304 384 304 0
R 384 448 384 480 0 0 40 5 0 0 0.5
s 384 448 384 384 0 1 false
I 384 384 384 304 0 0.5 5
162 800 208 848 208 2 default-led 1 0 0 0.01
r 848 208 896 208 0 1000
g 896 208 896 240 0 0
x 415 424 444 427 4 16 HLT
x 790 254 859 257 4 16 CLK\sOUT
x 239 232 287 235 4 16 MODE
x 142 415 217 418 4 16 BISTABLE
x 162 25 232 28 4 16 ASTABLE
R 224 192 208 192 0 0 40 5 0 0 0.5
